{
  "IcoMoonType": "selection",
  "icons": [
    {
      "icon": {
        "paths": [
          "M1024 816.64l-1024 122.368c5.632 8.704 10.752 17.408 16.384 25.6l359.936-43.008 20.48-2.048 614.912-73.728 12.288-29.184z",
          "M407.040 230.4c-0.512-5.12 0-9.216 0-9.216 0.512-3.584 1.536-5.632 3.072-12.288 1.024-4.096 1.024-5.632 2.048-8.704 4.096-15.872 8.192-16.896 8.192-24.576 0-9.216-5.632-16.896-8.192-20.48-3.584-4.608-7.68-7.68-10.752-9.216l0.512-97.792c0 0-0.512-5.632-5.12-5.632s-95.232 0-95.232 0l-4.608-5.632h-37.888l-11.264 7.68-91.136 0.512c0 0-7.68-0.512-8.192 6.144 0 6.656-4.096 96.768-4.096 96.768-1.536 1.024-4.096 2.048-6.144 5.12-1.024 2.048-1.536 4.096-2.048 6.656-0.512 4.096-1.536 5.12-3.584 11.264-3.072 9.216-4.608 14.336-4.608 16.896 1.024 7.68 7.68 6.656 10.752 16.896 0.512 3.072 0.512 3.584 2.56 12.8 0.512 4.096 1.536 6.656 3.584 9.216s3.584 2.048 4.608 4.096c3.072 3.584-0.512 11.264-2.048 14.336-4.608 10.24-4.096 20.48-2.56 40.96 0 2.048 0.512 10.24 5.632 28.16 3.072 12.288 7.68 27.136 17.408 51.2 19.456 47.616 24.064 46.080 25.088 61.44 0.512 7.68 0 18.432 7.168 27.136 3.584 4.096 7.168 6.144 10.752 13.312 0.512 1.024 3.072 5.632 4.096 14.336 1.536 10.24 0 18.944-0.512 20.992-0.512 3.584-1.024 7.168-1.536 10.752-3.584 29.184 4.608 55.296-0.512 82.432 0 1.024-0.512 3.072-0.512 5.632v0c-0.512 5.12 0 11.776 3.584 17.92 1.024 2.048 1.536 2.048 2.56 4.096 6.656 9.728 0 21.504-2.048 39.936-2.56 20.48 2.56 19.456-0.512 33.28-3.072 10.24-7.168 16.384-4.608 25.088 1.024 3.584 2.56 5.632 4.608 12.8 0 0 1.536 6.144 2.048 13.312 2.048 16.384-5.632 40.448-5.632 40.448-2.048 6.656-4.096 23.040-7.68 55.296-1.536 15.36-3.072 36.864-0.512 62.976 0 7.68 1.024 15.872 2.048 24.064l-8.704-0.512c0 0-5.632 1.024-8.704 4.608-1.024 1.024-1.536 2.048-2.048 3.584-1.536 6.656 2.56 21.504 2.56 21.504 2.048 2.56 5.632 7.168 10.24 11.776 7.68 8.704 10.24 9.728 11.776 10.24 5.632 1.536 13.312 0 17.408-4.608 3.072-3.584 3.072-8.192 3.072-16.896 0-4.608-0.512-8.704-1.024-13.312-1.024-6.656-1.536-8.192-2.048-11.264 0-1.536 0-3.072 0-4.608 0-5.632 1.024-10.752 2.048-15.36 1.024-5.12 2.048-9.216 2.56-12.288 1.024-10.24 0-13.312 3.584-26.112 4.608-16.896 8.192-14.336 10.752-27.136 2.048-12.288 0-16.384 2.56-31.232 1.024-4.608 2.56-9.216 5.632-19.456 9.728-29.696 11.776-27.648 12.288-36.352 0.512-10.752-2.048-17.92 3.072-23.040 2.048-2.56 4.096-2.56 7.68-5.12l0.512-0.512c1.024-1.024 4.608-5.12 7.68-13.312 3.584-10.24 1.536-14.336 3.584-28.16 0.512-2.56 2.048-11.264 3.584-15.872 0.512-1.536 1.024-2.048 2.048-2.048 0.512 0 2.048 1.024 5.12 16.384 0 0 0 0 0 0.512 0.512 2.048 0.512 4.096 1.024 6.656 2.048 12.288 3.584 18.432 4.608 27.136s2.048 14.848 2.048 21.504c1.536 20.48 0.512 19.456 1.536 24.576 2.048 10.24 5.12 10.24 11.264 28.16 2.56 7.168 3.584 10.752 4.608 15.36 1.024 8.192 0.512 13.312 0 18.944 0 2.56-0.512 5.632-0.512 8.704 0 9.728 3.072 11.264 8.192 28.16 2.048 7.168 4.096 14.848 5.12 22.528 2.048 9.728 3.072 18.944 2.56 26.624 0 7.168-1.536 13.312-4.096 16.384-0.512 0.512-3.584 4.096-5.12 9.728-0.512 2.048-1.536 4.608-1.024 7.68 0.512 3.584 2.56 5.12 3.584 7.68 1.536 2.56 2.56 7.168 1.024 14.336 17.92 9.216 25.088 6.656 28.16 4.608 5.12-3.584 4.608-8.192 11.264-25.088 4.608-13.312 10.752-15.872 9.216-20.992-2.048-6.144-8.704-5.632-14.336-11.264-1.536-1.536-2.56-3.072-3.072-5.632-1.536-5.12-1.024-12.8 0.512-27.136 0-3.072 0.512-6.656 1.024-10.24 3.072-20.992 4.608-31.744 5.632-38.912 0.512-6.144 0-9.216 0-14.336-1.024-9.728-3.072-10.24-5.12-26.112-1.536-14.336-3.072-22.016-2.048-32.768 0-8.192 1.024-12.288 0-20.48-1.024-6.144-2.56-7.68-1.536-10.752 2.56-7.168 13.824-5.12 16.896-11.776 2.048-4.096-2.56-7.168-5.632-20.48-1.024-4.608-1.536-10.24-2.048-20.48-1.024-10.752 0-11.264-1.024-23.552-1.024-20.992-3.072-25.088 1.024-30.208 3.072-4.096 5.632-2.048 13.824-8.192 1.536-1.024 9.728-7.168 13.312-14.848 4.096-8.192 1.024-17.408-4.096-34.816-4.608-15.872-8.704-31.744-14.336-47.104-4.096-11.776-8.192-21.504-8.704-36.352 0-4.096-0.512-8.192 0-12.8 3.072-20.992 15.36-22.528 16.896-39.936 0.512-6.656-0.512-12.8 4.096-19.968 1.536-2.56 4.096-2.56 5.12-5.632 1.536-4.608-2.048-7.68-3.072-14.336-0.512-5.632 1.536-7.168 4.096-16.896 1.536-6.656 2.048-11.776 2.56-22.016 0.512-13.312-0.512-18.432-0.512-26.112 0-17.408 5.12-17.92 11.264-47.616 4.096-20.48 5.632-30.72 1.024-37.888-2.56-3.072-7.168-8.192-9.216-15.872zM383.488 210.432c-0.512 11.264-1.024 18.432-4.608 25.6-3.072 7.68-5.632 7.168-9.728 14.848-1.536 3.072-3.072 7.168-4.608 23.040-3.584 26.624-0.512 29.696-4.608 39.424-1.024 2.56-3.072 7.68-4.096 14.848-1.024 5.12-0.512 6.144-1.024 11.264-1.024 8.192-2.56 9.216-5.12 17.92-2.56 10.24-0.512 10.24-3.072 19.968-1.536 7.168-3.072 12.288-7.68 16.384-3.072 2.56-8.704 7.168-11.264 5.632-2.56-2.048-1.024-9.216-1.024-9.728 0.512-3.072 1.536-4.096 2.56-7.168 0.512-1.024 1.024-2.56 3.584-12.288 2.048-8.704 3.072-13.312 3.584-14.848 0.512-6.144 0.512-11.264 0-14.336-0.512-10.752-1.536-17.408-6.656-22.528-4.096-4.608-9.216-5.632-17.92-7.168-2.048 0-10.752-1.536-22.016 0.512-5.632 1.024-9.728 2.048-14.848 5.12-7.168 4.608-10.752 11.264-12.8 14.848-4.096 9.216-4.096 17.92-4.096 22.016 0 3.584 0 11.264 3.584 18.944 3.072 6.656 5.632 10.752 5.632 10.752 2.048 3.584 3.584 5.632 4.096 9.216s-0.512 6.656-0.512 7.168c-0.512 1.024-1.536 3.584-3.584 4.608-3.584 1.536-8.192-0.512-10.24-2.048-9.728-5.632-14.848-15.872-19.968-26.112-4.096-7.68-7.168-16.896-7.68-17.92-1.536-5.12-2.56-8.192-5.12-13.312s-3.584-6.144-5.632-11.264c-6.656-12.8-3.584-13.824-8.704-22.016-4.096-6.656-6.144-6.144-10.752-14.848-2.048-4.096-3.584-8.192-4.608-10.24-2.048-5.632-3.584-9.216-4.096-13.312-0.512-6.656 1.024-7.68 0-12.8-1.024-3.584-1.536-3.072-4.608-9.216-3.072-7.168-2.56-9.216-5.632-11.264-3.072-2.56-4.608-0.512-7.168-3.072s-1.024-5.12-4.096-14.848c-1.024-3.072-1.536-4.096-1.536-6.656 0-3.072 1.024-4.608 1.024-8.192 0.512-5.12-1.024-7.68-1.024-8.704 0.512-5.12 57.344-7.168 217.088-4.608-1.024 4.096-0.512 9.728-1.024 16.384z",
          "M656.896 434.688c-0.512 1.536-1.536 3.584-10.24 7.168-8.192 4.096-16.896 6.144-28.16 8.192-17.408 4.096-17.408 3.584-18.944 4.608-10.752 6.144-15.36 17.408-17.92 23.552-3.072 7.168-1.536 7.68-5.632 18.432-2.56 6.656-3.584 8.192-9.728 22.016-6.144 13.312-9.216 20.48-9.728 24.576-0.512 5.12-2.048 17.408 5.632 24.576 5.632 5.12 13.312 5.632 15.36 5.632 10.24 0.512 16.896-5.12 18.432-3.584 1.024 1.536-2.56 4.096-4.096 10.24-1.024 6.144 2.048 8.192 2.048 14.848 0.512 8.704-4.608 9.216-5.632 20.48-0.512 3.584 0.512 8.704 1.536 18.432 1.536 11.776 2.56 12.8 1.536 16.896s-2.56 6.144-3.584 12.8c-0.512 3.072-0.512 4.096-0.512 6.144-1.024 7.168-4.608 11.264-7.168 16.384-3.072 5.632-4.608 10.24-7.168 19.456-4.096 13.824-4.096 25.6-4.096 28.672 0 19.456 6.656 20.992 3.584 33.28-1.024 3.072-3.072 9.216-8.192 21.504-1.536 3.584-3.072 7.168-4.096 12.8-1.024 5.12 0 6.656-0.512 10.752-1.024 8.192-4.096 11.264-6.656 17.408-3.072 8.192-2.048 14.848-1.024 22.528 1.024 11.776 1.536 30.208 0.512 62.976 0 0-12.288 2.56-13.312 8.192s-1.536 10.24 0 16.384c0.512 1.536 2.048 8.192 7.168 15.36 3.584 4.608 6.144 8.704 11.776 11.264 1.536 1.024 10.752 5.12 17.92 0 3.584-2.56 5.632-6.656 6.144-10.752 0.512-5.12-2.56-6.144-2.56-12.8 0-3.072 0.512-2.56 1.536-10.24 0.512-4.096 1.024-7.168 1.024-10.752 0-7.68-1.536-8.704-1.024-13.312 0.512-5.632 3.072-8.704 5.632-12.288 2.56-4.608 4.608-11.776 8.192-25.6 6.144-23.040 9.216-34.816 8.192-45.056 0-2.56-0.512-7.68 1.536-13.824 0.512-1.536 3.072-7.168 8.192-11.264 4.096-3.072 8.192-3.584 16.384-5.12 10.24-1.536 13.312-0.512 18.944-3.584 2.048-1.024 5.12-2.56 7.168-6.144 3.584-5.632 2.56-12.288 2.56-12.288 0.512 0 1.536 9.216 2.048 19.456 0.512 3.584 0.512 5.12 1.024 7.168 1.536 5.632 4.096 7.68 6.144 11.264 2.56 5.12 2.56 9.728 1.536 19.456-0.512 7.68-1.536 9.728-3.584 19.456-1.536 8.704-3.072 17.408-2.56 28.672 0 11.776 2.048 11.776 1.536 22.528-0.512 8.704-2.048 9.216-2.048 18.944-0.512 9.728 1.024 10.24 0 17.92-0.512 4.608-1.024 4.096-4.096 16.896-3.072 13.312-3.072 16.896-2.048 20.48 0.512 2.048 2.048 7.168 6.144 9.728 3.072 2.048 6.656 2.048 26.624-4.608 13.312-4.096 15.872-5.632 17.92-7.168 2.56-2.048 9.728-7.168 10.752-16.384 0-2.048 0.512-6.144-1.536-10.24-2.56-4.608-7.68-6.656-9.728-7.168-5.632-2.048-7.68 0.512-10.24-1.024-4.096-3.072-1.536-12.8 1.024-22.528 3.072-10.752 5.12-14.336 7.68-23.040s3.584-15.36 4.608-24.576c2.56-24.064 4.096-36.352 1.536-46.080-0.512-3.072-2.56-9.216 0.512-13.312 1.536-2.048 3.584-2.048 7.168-4.608 5.12-3.072 8.192-7.168 10.752-10.752 5.12-7.168 6.656-14.336 7.168-17.408 6.656-31.744-16.384-107.52-6.144-132.608 1.024-2.56 5.12-10.752 2.048-18.944-1.536-4.608-3.072-4.608-5.12-10.24-2.048-6.144-1.536-11.776-0.512-17.408 0.512-6.144 1.024-9.216 3.584-10.24s4.096 2.048 10.24 4.096c2.048 0.512 9.216 3.072 15.36 0 4.608-2.56 6.144-6.656 7.68-12.288 2.048-6.144 2.56-11.264 2.56-17.408 0-6.656 0.512-17.92-4.096-32.256-3.584-11.776-6.144-12.8-7.168-22.016-0.512-5.12-1.536-10.24-1.536-15.36-0.512-4.608-0.512-8.192-2.56-11.264-2.048-2.56-4.096-3.584-5.632-4.096-11.776-5.12-10.24-7.168-25.088-13.824-12.8-5.632-14.848-4.096-18.432-8.192-0.512-0.512-7.168-7.68-5.632-17.408 0.512-5.632 3.584-9.728 5.12-11.264 3.584-4.608 5.12-3.584 7.168-7.168s1.024-5.12 2.56-16.896c0.512-3.072 1.024-5.632 1.536-9.728 2.048-10.752 2.56-11.264 2.56-14.848 0-2.56 0-8.192-2.56-13.824-3.072-6.656-8.704-10.24-11.264-11.776-3.072-2.048-5.632-3.072-6.656-3.584-11.776-4.096-17.408-3.072-17.408-2.56s-19.456 1.024-30.208 13.312c-8.192 8.704-10.24 22.016-8.192 32.256 1.536 7.68 5.12 15.872 9.728 24.064 7.168 10.24 10.752 14.848 8.704 19.456z"
        ],
        "attrs": [
          {},
          {},
          {}
        ],
        "isMulticolor": false,
        "isMulticolor2": false,
        "grid": 0,
        "tags": [
          "icone-01"
        ]
      },
      "attrs": [
        {},
        {},
        {}
      ],
      "properties": {
        "order": 8,
        "id": 3,
        "name": "bty-ico-join",
        "prevSize": 32,
        "code": 59648
      },
      "setIdx": 0,
      "setId": 3,
      "iconIdx": 0
    },
    {
      "icon": {
        "paths": [
          "M909.312 390.144c-12.288-17.408-35.328-39.424-55.296-49.152-4.096-2.048-9.216-4.096-12.8-9.728-6.656-9.728-1.536-19.456-8.704-26.112-4.096-3.584-7.168-1.536-10.752-5.12-4.096-4.096-3.584-11.776-2.048-27.648 4.096-38.4 4.096-37.376 4.096-38.912-0.512-9.216-2.048-15.36 2.048-19.456 3.584-4.096 8.192-2.048 13.312-6.144 4.608-4.096 5.632-10.24 6.656-18.944 1.024-5.632 2.048-12.8-2.048-15.36-2.048-1.536-5.12-0.512-6.144-2.56-1.536-2.048 0-5.12 0.512-6.144 3.584-8.192 1.536-27.136-2.56-39.424-3.584-10.24-10.752-24.064-17.408-27.648-1.024-0.512-3.584-1.536-4.608-4.096s0.512-4.608-1.024-6.656c-1.536-2.56-4.096-1.536-6.656-4.096-4.608-4.096-3.584-11.776-4.608-11.776-0.512 0-0.512 3.584-2.048 4.096-0.512 0-2.048 0-6.656-7.68-4.096-6.656-5.632-10.752-6.656-10.752-1.024 0.512 0.512 5.632-1.536 6.656-3.072 2.048-8.192-6.656-17.92-6.656-4.096 0-5.632 2.048-9.216 0.512-4.608-2.048-5.632-6.656-7.168-6.144-2.048 0.512-0.512 5.632-4.096 8.192-2.048 1.536-4.096 0.512-6.144 2.56-1.536 1.536-1.536 2.56-3.072 4.608-1.024 1.024-3.584 4.096-6.144 4.608-5.12 1.024-8.192-6.144-10.752-4.608s-1.024 7.168-4.096 9.216c-2.56 1.536-5.632-1.536-7.168 0-2.048 2.048 1.536 7.168-1.024 10.24-2.048 2.56-6.656 0.512-8.192 3.072s1.536 5.12 0 9.216c-1.024 3.072-4.096 4.096-3.584 5.632s4.096 1.024 5.12 2.56c2.56 3.584-8.704 10.24-11.776 22.528-0.512 1.536-4.096 16.384 2.56 26.112 1.536 2.048 4.096 5.12 3.072 8.192-0.512 2.048-2.56 3.584-4.096 4.608 0 0-5.12 1.536-7.168 3.584-4.608 4.096-2.56 14.336-2.048 17.408s1.024 3.072 2.56 9.216c1.536 5.632 1.024 6.144 2.048 7.68 2.048 2.56 5.12 4.096 9.728 5.632s5.632 1.024 6.656 2.048c3.072 3.072 0 9.728-1.024 16.384-1.024 4.608 0.512 11.264 2.56 24.064 2.56 13.824 5.632 24.064 4.096 35.84-0.512 2.56-0.512 4.096-2.048 6.144-4.096 4.608-11.264-0.512-19.456 2.56-1.024 0.512-0.512 0-12.288 10.24-8.704 7.68-10.752 9.216-13.824 10.24-2.56 1.024-4.096 1.024-6.144 2.56-1.536 1.536-2.56 4.608-5.632 5.12 0 0 0 0 0 0-1.024 0-22.016 3.584-44.032 10.752-15.36 5.12-23.040 7.68-31.232 13.824-5.632 4.096-20.48 13.824-26.624 31.744-2.048 6.144-1.024 7.68-4.608 18.944-2.56 9.728-5.632 19.456-11.776 28.16-5.632 8.192-10.752 10.752-18.944 17.408-19.968 15.872-15.872 22.528-40.96 48.64-18.432 18.944-21.504 16.896-26.624 27.648-7.68 16.384-3.072 28.672-13.824 37.376-7.68 6.656-13.312 2.048-20.992 9.216-9.216 8.704-3.072 18.432-10.752 27.648-9.216 10.24-19.968 2.048-36.864 12.8-12.288 8.192-19.968 20.992-20.992 23.040-5.632 9.728-5.12 14.848-12.288 20.48-8.192 6.144-17.92 6.656-18.944 6.656-5.12 0-8.704-1.024-10.24-1.536-18.944-5.12-61.44 1.536-65.536 17.92-1.536 5.632 2.56 10.24-1.536 17.92-2.56 4.608-5.12 5.12-6.144 9.728-2.048 7.168 3.072 11.264 3.584 16.384 0.512 10.752-20.48 15.872-46.592 33.792-28.16 18.944-37.888 37.376-40.448 41.984-4.096 7.68-2.56 7.168-7.68 18.432-14.848 33.28-27.648 36.352-34.304 56.832-6.144 18.944-5.632 45.568 8.704 58.88 9.728 9.216 22.528 8.704 45.056 8.192 103.424-3.584 139.776-6.144 139.776-6.144 20.992-1.536 41.472-5.12 62.464-4.608 14.336 0 43.52 1.024 57.344-4.608 6.144-2.56 12.8-3.584 18.944-6.144 2.56-1.024 6.144-2.56 7.68-1.536 2.048 1.536 0.512 6.144 0 7.68-3.072 10.752 12.8 28.672 24.064 36.352 31.232 21.504 87.040 6.656 108.032 1.024 4.608-1.024 17.408-5.12 33.28-1.536 7.68 1.536 12.288 4.096 14.848 5.632 23.040 10.24 44.544-7.68 99.328-17.92 22.528-4.096 37.888-4.608 42.496-4.608 19.456-0.512 17.408 2.048 35.84 1.536 31.232-1.024 41.984-8.704 55.296-5.632 1.536 0.512 7.168 2.048 11.776-1.024 0 0 3.584-2.048 5.632-6.144 3.072-7.168-5.632-23.040-29.184-44.544-35.84-32.256-46.592-23.040-70.144-49.152-4.608-5.12-12.288-14.336-25.088-17.408-3.072-0.512-14.336-3.072-25.088 2.56s-17.408 17.408-17.408 27.648c0 9.216 4.608 13.824 2.048 16.384-3.072 3.072-12.288-5.12-27.648-9.728-27.648-8.704-48.64 3.584-55.808-7.168-0.512-1.024-1.536-3.072-2.048-9.216-0.512-18.432 7.68-29.184 17.92-51.712 12.8-27.648 9.728-31.232 19.456-43.52 8.704-10.24 12.8-10.24 17.92-19.968 6.656-13.824 1.536-22.528 8.192-35.328 5.12-9.728 12.8-14.336 19.968-18.944 20.992-14.336 33.28-30.72 53.248-57.344 36.864-49.152 40.96-55.808 40.96-55.808 2.048-3.584 8.704-13.824 12.8-12.8 2.048 0.512 2.56 4.096 2.56 6.144 3.072 20.992 3.072 47.616 3.584 57.856 1.024 18.432 3.072 22.528-1.024 29.184-3.584 5.632-8.192 6.656-13.312 15.872-3.072 5.632-2.56 7.168-6.144 13.312-3.584 7.168-8.192 11.776-13.312 16.896-6.144 6.144-12.288 12.8-22.528 18.944-5.12 3.072-8.192 4.608-10.24 9.216s-0.512 6.656-3.584 11.776c-0.512 1.024-3.584 5.632-8.704 7.68-3.072 1.024-3.584 0.512-8.192 1.536-1.536 0.512-4.096 1.024-9.728 3.584-8.192 4.096-12.288 5.632-14.848 8.704-2.56 2.56-1.024 2.048-9.728 16.384-2.048 3.584-3.584 5.632-2.56 7.68 1.536 3.072 7.168 2.048 8.704 5.632 1.024 2.56-2.56 4.096-2.048 8.704 0 4.608 4.608 9.728 8.704 10.24 2.56 0.512 3.072-1.536 5.632-1.536 5.632 0.512 5.632 11.264 13.312 14.336 4.096 1.536 5.12-1.024 11.264 0.512 7.68 1.536 7.68 6.144 12.8 6.656 9.216 1.536 20.992-10.24 27.136-20.48 4.096-7.168 4.608-12.8 10.24-14.848 4.096-1.536 5.632 1.024 10.752 0 4.608-1.024 8.192-3.584 14.848-11.776 9.216-11.264 9.216-13.312 13.824-18.432 9.728-10.752 16.384-6.144 26.624-14.848 10.24-9.216 4.608-14.336 17.92-36.352 6.656-11.264 10.24-12.8 18.944-27.648 4.096-7.168 6.144-12.288 8.704-17.408 7.68-16.896 11.264-25.088 11.264-32.256 0-10.24-4.608-13.312-2.048-20.992 1.536-5.12 4.608-7.68 5.12-13.824 0-5.12-1.536-8.704-2.048-10.24-7.168-16.896 8.704-38.912 4.096-75.776-1.024-7.168-1.536-7.168-2.048-12.288-1.024-20.992 9.728-30.72 12.8-44.544 4.608-19.968-9.216-39.936-18.432-53.248zM450.56 843.776c-2.048 3.584-5.12 5.12-11.776 8.192-4.096 2.048-8.192 3.584-14.336 4.096-1.024 0-11.776 0.512-12.8-3.072-0.512-2.048 2.56-4.608 6.144-7.68 7.168-6.144 14.848-8.704 19.968-10.24 6.144-1.536 10.752-3.072 12.8-0.512 2.56 2.56 1.536 6.656-0 9.216z"
        ],
        "attrs": [
          {}
        ],
        "isMulticolor": false,
        "isMulticolor2": false,
        "grid": 0,
        "tags": [
          "icone-02"
        ]
      },
      "attrs": [
        {}
      ],
      "properties": {
        "order": 9,
        "id": 2,
        "name": "bty-ico-victory",
        "prevSize": 32,
        "code": 59649
      },
      "setIdx": 0,
      "setId": 3,
      "iconIdx": 1
    },
    {
      "icon": {
        "paths": [
          "M882.688 772.096c-15.872-0.512-31.744-4.096-44.544-13.824-3.584-2.56-27.648-19.968-30.208-46.080-2.048-17.92 8.192-22.528 8.192-47.104 0-22.016-8.704-23.552-9.216-46.592-1.024-26.112 9.728-26.112 8.704-50.176-1.536-26.624-14.848-29.696-13.312-55.808 1.024-14.336 5.632-22.528 0-29.184-5.12-5.632-10.752-2.048-25.088-7.168-15.872-6.144-20.48-15.872-27.136-13.824-6.144 2.048-4.096 10.752-11.264 15.36-9.216 6.144-17.92-5.12-32.256-1.024-10.752 3.584-11.264 11.776-20.48 12.288-8.192 0.512-10.24-5.632-22.016-12.288-10.24-5.632-12.288-3.072-38.4-9.728-17.408-4.608-26.112-6.656-30.208-11.776-6.144-7.68-3.584-15.872-4.608-35.84-1.024-26.112-6.656-25.088-7.168-43.52 0-4.096 0-49.664 26.112-67.072 8.192-5.632 15.872-6.144 26.112-16.384 5.12-5.12 6.144-8.192 14.336-16.384 5.632-5.632 10.24-10.24 16.384-14.336 8.704-5.632 16.896-7.68 32.256-11.264 4.096-1.024 10.752-2.048 24.064-4.096 16.896-2.56 19.968-2.56 23.040-1.024 6.656 3.584 5.12 9.216 12.288 17.408 9.216 10.752 22.528 12.8 29.184 13.824 4.096 0.512 16.384 2.048 29.696-2.56 6.656-2.56 14.848-5.632 15.36-11.264 0.512-6.144-7.68-12.288-14.336-14.848-4.096-1.536-5.632-1.024-18.432-1.536-10.24-0.512-15.36-0.512-17.92-1.536-12.288-3.584-12.288-12.8-22.016-14.336-7.168-1.024-7.168 2.56-18.432 2.56-5.632 0-11.264-1.024-18.432-2.048-7.68-1.536-12.288-2.56-13.824-0.512s2.56 5.632 1.536 7.68c-1.536 3.072-11.776 3.072-16.384-2.048s-1.024-10.752-5.12-14.848c-4.096-4.096-11.776-3.072-16.384-1.536-7.68 3.072-11.264 10.752-12.288 13.312-4.096 9.728-0.512 13.824-5.12 22.016-0.512 1.536-4.608 8.192-12.288 12.288-13.312 6.656-27.136-2.048-28.672-2.56-1.536-1.024-13.824-8.704-13.824-20.48 0-7.168 5.12-14.336 5.632-15.36 4.096-5.632 8.192-7.168 8.192-10.24 0-4.608-7.168-5.632-7.168-9.728 0.512-4.096 9.728-4.096 11.264-9.728 1.024-4.608-4.096-9.728-7.168-12.288-6.144-4.608-15.36-5.12-22.016-2.56-8.704 3.072-9.216 9.216-16.384 9.728-7.168 1.024-15.872-3.584-17.408-9.728-1.024-5.632 4.608-8.704 15.872-25.088 7.168-10.24 10.752-15.36 9.216-18.944-2.56-6.144-14.848-1.536-32.768-7.68-5.12-1.536-23.552-8.192-26.112-20.48-0.512-3.072 0-6.144 1.024-9.216 157.184-3.584 308.736 67.584 391.68 200.704 91.136 150.016 72.704 332.288-31.744 468.48z",
          "M521.728 152.064c-2.56 3.584-6.144 2.56-16.384 5.632-16.896 4.608-22.016 3.584-27.648 9.216s-5.12 10.752-11.264 13.312c-4.608 1.536-10.752 0.512-11.776-2.048-1.024-3.584 7.68-6.656 8.192-14.336 0.512-3.584-1.536-8.704-4.608-9.728-3.584-1.536-6.656 2.048-17.408 7.68-11.776 6.144-12.8 4.608-18.944 9.728-8.704 6.144-7.68 9.216-13.312 11.776-7.168 3.072-10.752-1.024-24.064-2.56-7.68-1.024-23.552-3.072-31.744 5.12-4.096 3.584-4.608 8.192-5.12 13.824 4.096 1.024 9.216 2.048 15.36 4.096 17.92 5.12 27.136 7.68 31.744 16.896 0.512 1.024 5.12 9.728 1.536 17.92-3.584 9.728-12.8 7.68-25.088 20.48-9.216 9.216-15.36 8.192-22.016 10.752-8.192 3.072-24.576 2.048-49.664 11.264-27.648 10.24-31.232 11.776-35.328 13.824-11.776 5.632-19.968 11.264-24.064 13.824-8.704 6.144-19.456 13.312-29.696 24.576-11.264 12.288-16.384 23.552-24.576 40.96-10.752 23.040-15.872 35.328-11.264 46.080 2.56 5.12 8.192 12.288 14.848 12.8 8.704 0 13.312-11.776 23.040-10.752 3.584 0.512 3.072 2.048 8.192 3.584 11.776 3.584 17.92-3.584 24.576 0.512 4.096 2.56 2.048 5.632 8.192 10.752 5.12 4.608 8.704 3.072 11.776 7.168 3.072 4.608 3.584 11.776 0 14.848-5.12 4.096-15.872-3.072-16.384-3.584-5.12-3.584-4.608-5.632-8.192-7.68-6.656-3.584-12.288 3.072-25.6 5.632-13.824 3.072-13.824-2.048-31.232 0.512-10.24 1.536-15.36 4.096-19.456 1.024-1.536-4.608-1.024-6.656-5.632-14.848-3.072-5.12-4.608-7.68-6.656-8.704-6.144-2.56-14.336 3.584-18.432 9.216-2.56 3.072-7.68 11.776-5.12 15.872 3.584 4.608 13.312-1.536 28.16 4.096 3.072 1.024 8.192 3.072 8.192 6.144 0.512 4.096-7.68 6.144-17.408 13.312-6.144 4.608-20.992 14.848-19.456 24.576 1.536 8.192 14.848 12.8 25.088 12.8 1.536 0 11.776-0.512 19.968-8.704 6.656-6.656 4.096-10.752 10.752-17.92 6.144-6.656 15.872-11.264 25.088-9.728 6.144 1.024 5.632 3.584 13.312 5.632 6.144 1.536 7.68 0.512 25.088-1.024 13.824-1.024 15.36-0.512 18.432-2.56 6.656-4.608 6.656-12.288 10.752-12.8 3.072 0 6.144 4.608 7.68 8.704 2.56 8.192-3.584 12.288-1.536 19.456 2.048 5.632 8.704 10.24 14.848 9.728 8.192-0.512 9.728-10.752 15.872-10.24 5.12 0 5.12 6.144 15.36 13.824 5.632 4.608 10.752 6.656 13.824 8.192 11.776 5.632 13.824 2.56 19.968 6.656 7.68 5.632 5.632 11.776 14.336 17.408 3.584 2.56 4.096 1.536 13.312 5.12 14.336 5.12 15.36 8.192 25.088 10.752 12.8 3.584 12.8-1.024 22.016 2.56 13.312 5.12 13.312 13.824 27.136 17.92 8.704 2.56 11.264 0 15.36 3.584 7.168 6.144 7.68 22.016 1.536 32.768-6.144 11.264-14.848 10.24-19.456 22.528-0.512 2.048-3.584 9.728-1.536 17.92 3.072 11.264 12.288 13.312 11.776 20.992-0.512 5.12-5.12 4.608-9.728 13.824-3.072 6.144-2.048 8.192-5.12 13.824-3.072 6.656-7.68 9.728-12.288 13.824-3.584 3.072-17.408 14.848-25.088 26.112-4.608 6.656-7.168 14.336-12.288 29.696-6.144 17.92-3.584 17.408-9.728 35.84-6.656 19.968-10.24 30.208-12.288 33.792-2.048 3.072-6.144 8.704-4.608 11.776 2.048 2.56 8.192 0 9.728 2.56 2.048 3.584-7.168 10.752-5.12 14.848 2.048 4.608 13.824 0 29.696 4.096 1.024 0.512 19.968 5.632 20.48 13.312 0 4.608-5.632 8.192-14.848 13.312-8.192 5.12-16.896 9.728-29.696 11.776-6.656 1.024-20.48 3.072-35.328-3.584-12.288-5.12-18.944-13.824-28.672-24.576-8.704-10.752-14.848-21.504-18.432-27.136-7.68-13.824-7.168-16.384-13.312-23.040-5.12-5.632-9.216-8.192-10.752-13.824-1.024-6.144 2.048-7.68 2.048-13.824 0-9.728-8.192-11.264-14.848-24.576-6.144-11.776-6.656-24.576-6.144-27.136 0 0 0 0 0 0-2.048-5.12-5.12-13.312-9.216-22.016-7.168-14.848-12.288-24.576-22.016-31.744-11.264-7.68-15.872-2.048-28.672-9.216-11.776-6.144-9.728-11.264-29.184-35.84-17.92-22.016-25.088-24.064-28.16-37.376-2.048-8.704-1.024-14.336-5.632-17.408-7.168-5.12-15.36 4.096-28.672 0-8.704-2.56-11.264-8.192-15.36-6.656-5.632 2.048-3.584 12.288-8.192 19.456-5.632 8.192-19.456 10.752-32.256 10.24-28.16-143.872 27.136-297.472 147.968-401.92 10.24-8.704 20.48-16.896 31.232-25.088 1.024-1.024 2.56-1.536 3.584-2.56 13.824-10.24 28.672-19.456 44.032-28.16 66.048-37.376 137.216-58.368 207.872-64 0 0.512 0 1.024 0 1.536-1.024 6.144-7.68 9.728-6.144 13.824 1.024 2.56 4.608 2.56 15.872 5.632 14.336 3.584 16.384 5.632 17.92 7.168 3.584 5.12 4.096 12.288 1.024 16.896z"
        ],
        "attrs": [
          {},
          {}
        ],
        "isMulticolor": false,
        "isMulticolor2": false,
        "grid": 0,
        "tags": [
          "icone-03"
        ]
      },
      "attrs": [
        {},
        {}
      ],
      "properties": {
        "order": 10,
        "id": 1,
        "name": "bty-ico-world",
        "prevSize": 32,
        "code": 59650
      },
      "setIdx": 0,
      "setId": 3,
      "iconIdx": 2
    },
    {
      "icon": {
        "paths": [
          "M42.479 482.223c-0.355 5.644-7.506 9.788-15.972 9.255s-15.041-5.54-14.686-11.184c0.355-5.644 7.506-9.788 15.972-9.255s15.041 5.54 14.686 11.184z",
          "M45.467 452.997c-0.709 5.611-8.106 9.297-16.522 8.234s-14.664-6.473-13.956-12.084c0.709-5.611 8.106-9.297 16.522-8.234s14.664 6.473 13.956 12.084z",
          "M49.922 423.731c-1.060 5.555-8.674 8.77-17.007 7.18s-14.229-7.382-13.169-12.937c1.060-5.555 8.674-8.77 17.007-7.18s14.229 7.382 13.169 12.937z",
          "M56.361 394.971c-1.406 5.478-9.208 8.208-17.424 6.098s-13.738-8.261-12.331-13.738c1.406-5.478 9.208-8.208 17.424-6.098s13.738 8.261 12.331 13.738z",
          "M64.767 366.769c-1.748 5.379-9.705 7.614-17.773 4.993s-13.192-9.107-11.445-14.486c1.748-5.379 9.705-7.614 17.773-4.993s13.192 9.107 11.445 14.486z",
          "M74.669 338.962c-2.082 5.258-10.163 6.99-18.051 3.867s-12.594-9.917-10.512-15.175c2.082-5.258 10.163-6.99 18.051-3.867s12.594 9.917 10.512 15.175z",
          "M86.6 311.76c-2.408 5.117-10.582 6.337-18.258 2.725s-11.946-10.688-9.538-15.805c2.408-5.117 10.582-6.337 18.258-2.725s11.946 10.688 9.538 15.805z",
          "M99.958 285.484c-2.725 4.956-10.96 5.66-18.394 1.573s-11.251-11.418-8.526-16.374c2.725-4.956 10.96-5.66 18.394-1.573s11.251 11.418 8.526 16.374z",
          "M114.786 260.081c-3.030 4.775-11.293 4.961-18.455 0.416s-10.512-12.101-7.482-16.876c3.030-4.775 11.293-4.961 18.455-0.416s10.512 12.101 7.482 16.876z",
          "M131.801 235.502c-3.324 4.575-11.582 4.242-18.445-0.744s-9.731-12.738-6.407-17.313c3.324-4.575 11.582-4.242 18.445 0.744s9.731 12.738 6.407 17.313z",
          "M149.686 212.033c-3.605 4.357-11.826 3.507-18.362-1.901s-8.913-13.323-5.308-17.68c3.605-4.357 11.826-3.507 18.362 1.901s8.913 13.323 5.308 17.68z",
          "M169.221 190.348c-3.871 4.123-12.023 2.758-18.207-3.049s-8.059-13.856-4.188-17.979c3.871-4.123 12.023-2.758 18.207 3.049s8.059 13.856 4.188 17.979z",
          "M190.339 169.105c-4.123 3.871-12.172 1.996-17.979-4.188s-7.172-14.336-3.049-18.207c4.123-3.871 12.172-1.996 17.979 4.188s7.172 14.336 3.049 18.207z",
          "M212.124 149.437c-4.357 3.605-12.273 1.228-17.68-5.308s-6.258-14.757-1.901-18.362c4.357-3.605 12.273-1.228 17.68 5.308s6.258 14.757 1.901 18.362z",
          "M235.246 131.449c-4.575 3.324-12.326 0.456-17.313-6.407s-5.32-15.121-0.744-18.445c4.575-3.324 12.326-0.456 17.313 6.407s5.32 15.121 0.744 18.445z",
          "M260.090 114.984c-4.775 3.030-12.33-0.32-16.876-7.482s-4.359-15.425 0.416-18.455c4.775-3.030 12.33 0.32 16.876 7.482s4.359 15.425-0.416 18.455z",
          "M285.311 99.913c-4.956 2.725-12.287-1.093-16.374-8.526s-3.383-15.669 1.573-18.394c4.956-2.725 12.287 1.093 16.374 8.526s3.383 15.669-1.573 18.394z",
          "M311.581 86.448c-5.117 2.408-12.193-1.862-15.805-9.538s-2.392-15.85 2.725-18.258c5.117-2.408 12.193 1.862 15.805 9.538s2.392 15.85-2.725 18.258z",
          "M338.895 74.801c-5.258 2.082-12.053-2.625-15.175-10.512s-1.391-15.969 3.867-18.051c5.258-2.082 12.053 2.625 15.175 10.512s1.391 15.969-3.867 18.051z",
          "M366.588 64.799c-5.379 1.748-11.864-3.376-14.486-11.445s-0.386-16.026 4.993-17.773c5.379-1.748 11.864 3.376 14.486 11.445s0.386 16.026-4.993 17.773z",
          "M395.125 56.383c-5.478 1.406-11.629-4.114-13.738-12.331s0.621-16.018 6.098-17.424c5.478-1.406 11.629 4.114 13.738 12.331s-0.621 16.018-6.098 17.424z",
          "M423.954 49.863c-5.555 1.060-11.347-4.836-12.937-13.169s1.625-15.947 7.18-17.007c5.555-1.060 11.347 4.836 12.937 13.169s-1.625 15.947-7.18 17.007z",
          "M452.968 45.324c-5.611 0.709-11.021-5.54-12.084-13.956s2.624-15.813 8.234-16.522c5.611-0.709 11.021 5.54 12.084 13.956s-2.624 15.813-8.234 16.522z",
          "M482.592 42.353c-5.644 0.355-10.651-6.22-11.184-14.686s3.611-15.617 9.255-15.972c5.644-0.355 10.651 6.22 11.184 14.686s-3.611 15.617-9.255 15.972z",
          "M522.24 26.112c0 8.483-4.585 15.36-10.24 15.36s-10.24-6.877-10.24-15.36c0-8.483 4.585-15.36 10.24-15.36s10.24 6.877 10.24 15.36z",
          "M541.656 42.814c-5.644-0.355-9.788-7.506-9.255-15.972s5.54-15.041 11.184-14.686c5.644 0.355 9.788 7.506 9.255 15.972s-5.54 15.041-11.184 14.686z",
          "M570.899 45.417c-5.611-0.709-9.297-8.106-8.234-16.522s6.473-14.664 12.084-13.956c5.611 0.709 9.297 8.106 8.234 16.522s-6.473 14.664-12.084 13.956z",
          "M600.195 50.151c-5.555-1.060-8.77-8.674-7.18-17.007s7.382-14.229 12.937-13.169c5.555 1.060 8.77 8.674 7.18 17.007s-7.382 14.229-12.937 13.169z",
          "M629.046 56.526c-5.478-1.406-8.208-9.208-6.098-17.424s8.261-13.738 13.738-12.331c5.478 1.406 8.208 9.208 6.098 17.424s-8.261 13.738-13.738 12.331z",
          "M657.286 64.625c-5.379-1.748-7.614-9.705-4.993-17.773s9.107-13.192 14.486-11.445c5.379 1.748 7.614 9.705 4.993 17.773s-9.107 13.192-14.486 11.445z",
          "M685.2 74.619c-5.258-2.082-6.99-10.163-3.867-18.051s9.917-12.594 15.175-10.512c5.258 2.082 6.99 10.163 3.867 18.051s-9.917 12.594-15.175 10.512z",
          "M712.072 86.387c-5.117-2.408-6.337-10.582-2.725-18.258s10.688-11.946 15.805-9.538c5.117 2.408 6.337 10.582 2.725 18.258s-10.688 11.946-15.805 9.538z",
          "M738.427 99.772c-4.956-2.725-5.66-10.96-1.573-18.394s11.418-11.251 16.374-8.526c4.956 2.725 5.66 10.96 1.573 18.394s-11.418 11.251-16.374 8.526z",
          "M764.148 114.76c-4.775-3.030-4.961-11.293-0.416-18.455s12.101-10.512 16.876-7.482c4.775 3.030 4.961 11.293 0.416 18.455s-12.101 10.512-16.876 7.482z",
          "M788.135 131.521c-4.575-3.324-4.242-11.582 0.744-18.445s12.738-9.731 17.313-6.407c4.575 3.324 4.242 11.582-0.744 18.445s-12.738 9.731-17.313 6.407z",
          "M811.747 149.756c-4.357-3.605-3.507-11.826 1.901-18.362s13.323-8.913 17.68-5.308c4.357 3.605 3.507 11.826-1.901 18.362s-13.323 8.913-17.68 5.308z",
          "M834.313 169.214c-4.123-3.871-2.758-12.023 3.049-18.207s13.856-8.059 17.979-4.188c4.123 3.871 2.758 12.023-3.049 18.207s-13.856 8.059-17.979 4.188z",
          "M854.525 190.025c-3.871-4.123-1.996-12.172 4.188-17.979s14.336-7.172 18.207-3.049c3.871 4.123 1.996 12.172-4.188 17.979s-14.336 7.172-18.207 3.049z",
          "M874.489 212.34c-3.605-4.357-1.228-12.273 5.308-17.68s14.757-6.258 18.362-1.901c3.605 4.357 1.228 12.273-5.308 17.68s-14.757 6.258-18.362 1.901z",
          "M892.828 235.606c-3.324-4.575-0.456-12.326 6.407-17.313s15.121-5.32 18.445-0.744c3.324 4.575 0.456 12.326-6.407 17.313s-15.121 5.32-18.445 0.744z",
          "M909.040 259.858c-3.030-4.775 0.32-12.33 7.482-16.876s15.425-4.359 18.455 0.416c3.030 4.775-0.32 12.33-7.482 16.876s-15.425 4.359-18.455-0.416z",
          "M924.271 285.396c-2.725-4.956 1.093-12.287 8.526-16.374s15.669-3.383 18.394 1.573c2.725 4.956-1.093 12.287-8.526 16.374s-15.669 3.383-18.394-1.573z",
          "M937.761 311.746c-2.408-5.117 1.862-12.193 9.538-15.805s15.85-2.392 18.258 2.725c2.408 5.117-1.862 12.193-9.538 15.805s-15.85 2.392-18.258-2.725z",
          "M949.246 338.73c-2.082-5.258 2.625-12.053 10.512-15.175s15.969-1.391 18.051 3.867c2.082 5.258-2.625 12.053-10.512 15.175s-15.969 1.391-18.051-3.867z",
          "M959.34 366.531c-1.748-5.379 3.376-11.864 11.445-14.486s16.026-0.386 17.773 4.993c1.748 5.379-3.376 11.864-11.445 14.486s-16.026 0.386-17.773-4.993z",
          "M967.449 395.105c-1.406-5.478 4.114-11.629 12.331-13.738s16.018 0.621 17.424 6.098c1.406 5.478-4.114 11.629-12.331 13.738s-16.018-0.621-17.424-6.098z",
          "M973.905 424.024c-1.060-5.555 4.836-11.347 13.169-12.937s15.947 1.625 17.007 7.18c1.060 5.555-4.836 11.347-13.169 12.937s-15.947-1.625-17.007-7.18z",
          "M978.724 453.069c-0.709-5.611 5.54-11.021 13.956-12.084s15.813 2.624 16.522 8.234c0.709 5.611-5.54 11.021-13.956 12.084s-15.813-2.624-16.522-8.234z",
          "M981.309 482.709c-0.355-5.644 6.22-10.651 14.686-11.184s15.617 3.611 15.972 9.255c0.355 5.644-6.22 10.651-14.686 11.184s-15.617-3.611-15.972-9.255z",
          "M1013.248 512c0 5.655-6.877 10.24-15.36 10.24s-15.36-4.585-15.36-10.24c0-5.655 6.877-10.24 15.36-10.24s15.36 4.585 15.36 10.24z",
          "M981.309 541.312c0.355-5.644 7.506-9.788 15.972-9.255s15.041 5.54 14.686 11.184c-0.355 5.644-7.506 9.788-15.972 9.255s-15.041-5.54-14.686-11.184z",
          "M978.69 570.94c0.709-5.611 8.106-9.297 16.522-8.234s14.664 6.473 13.956 12.084c-0.709 5.611-8.106 9.297-16.522 8.234s-14.664-6.473-13.956-12.084z",
          "M973.925 599.957c1.060-5.555 8.674-8.77 17.007-7.18s14.229 7.382 13.169 12.937c-1.060 5.555-8.674 8.77-17.007 7.18s-14.229-7.382-13.169-12.937z",
          "M967.46 628.872c1.406-5.478 9.208-8.208 17.424-6.098s13.738 8.261 12.331 13.738c-1.406 5.478-9.208 8.208-17.424 6.098s-13.738-8.261-12.331-13.738z",
          "M959.324 657.419c1.748-5.379 9.705-7.614 17.773-4.993s13.192 9.107 11.445 14.486c-1.748 5.379-9.705 7.614-17.773 4.993s-13.192-9.107-11.445-14.486z",
          "M949.222 685.241c2.082-5.258 10.163-6.99 18.051-3.867s12.594 9.917 10.512 15.175c-2.082 5.258-10.163 6.99-18.051 3.867s-12.594-9.917-10.512-15.175z",
          "M937.784 712.276c2.408-5.117 10.582-6.337 18.258-2.725s11.946 10.688 9.538 15.805c-2.408 5.117-10.582 6.337-18.258 2.725s-11.946-10.688-9.538-15.805z",
          "M924.319 738.605c2.725-4.956 10.96-5.66 18.394-1.573s11.251 11.418 8.526 16.374c-2.725 4.956-10.96 5.66-18.394 1.573s-11.251-11.418-8.526-16.374z",
          "M909.014 764.166c3.030-4.775 11.293-4.961 18.455-0.416s10.512 12.101 7.482 16.876c-3.030 4.775-11.293 4.961-18.455 0.416s-10.512-12.101-7.482-16.876z",
          "M892.845 788.406c3.324-4.575 11.582-4.242 18.445 0.744s9.731 12.738 6.407 17.313c-3.324 4.575-11.582 4.242-18.445-0.744s-9.731-12.738-6.407-17.313z",
          "M874.467 811.668c3.605-4.357 11.826-3.507 18.362 1.901s8.913 13.323 5.308 17.68c-3.605 4.357-11.826 3.507-18.362-1.901s-8.913-13.323-5.308-17.68z",
          "M854.479 833.937c3.871-4.123 12.023-2.758 18.207 3.049s8.059 13.856 4.188 17.979c-3.871 4.123-12.023 2.758-18.207-3.049s-8.059-13.856-4.188-17.979z",
          "M834.348 854.829c4.123-3.871 12.172-1.996 17.979 4.188s7.172 14.336 3.049 18.207c-4.123 3.871-12.172 1.996-17.979-4.188s-7.172-14.336-3.049-18.207z",
          "M811.736 874.264c4.357-3.605 12.273-1.228 17.68 5.308s6.258 14.757 1.901 18.362c-4.357 3.605-12.273 1.228-17.68-5.308s-6.258-14.757-1.901-18.362z",
          "M788.12 892.459c4.575-3.324 12.326-0.456 17.313 6.407s5.32 15.121 0.744 18.445c-4.575 3.324-12.326 0.456-17.313-6.407s-5.32-15.121-0.744-18.445z",
          "M764.122 909.263c4.775-3.030 12.33 0.32 16.876 7.482s4.359 15.425-0.416 18.455c-4.775 3.030-12.33-0.32-16.876-7.482s-4.359-15.425 0.416-18.455z",
          "M738.423 924.176c4.956-2.725 12.287 1.093 16.374 8.526s3.383 15.669-1.573 18.394c-4.956 2.725-12.287-1.093-16.374-8.526s-3.383-15.669 1.573-18.394z",
          "M712.047 937.587c5.117-2.408 12.193 1.862 15.805 9.538s2.392 15.85-2.725 18.258c-5.117 2.408-12.193-1.862-15.805-9.538s-2.392-15.85 2.725-18.258z",
          "M685.227 949.402c5.258-2.082 12.053 2.625 15.175 10.512s1.391 15.969-3.867 18.051c-5.258 2.082-12.053-2.625-15.175-10.512s-1.391-15.969 3.867-18.051z",
          "M657.333 959.389c5.379-1.748 11.864 3.376 14.486 11.445s0.386 16.026-4.993 17.773c-5.379 1.748-11.864-3.376-14.486-11.445s-0.386-16.026 4.993-17.773z",
          "M629.066 967.46c5.478-1.406 11.629 4.114 13.738 12.331s-0.621 16.018-6.098 17.424c-5.478 1.406-11.629-4.114-13.738-12.331s0.621-16.018 6.098-17.424z",
          "M600.212 973.826c5.555-1.060 11.347 4.836 12.937 13.169s-1.625 15.947-7.18 17.007c-5.555 1.060-11.347-4.836-12.937-13.169s1.625-15.947 7.18-17.007z",
          "M570.887 978.614c5.611-0.709 11.021 5.54 12.084 13.956s-2.624 15.813-8.234 16.522c-5.611 0.709-11.021-5.54-12.084-13.956s2.624-15.813 8.234-16.522z",
          "M541.632 981.182c5.644-0.355 10.651 6.22 11.184 14.686s-3.611 15.617-9.255 15.972c-5.644 0.355-10.651-6.22-11.184-14.686s3.611-15.617 9.255-15.972z",
          "M522.24 997.888c0 8.483-4.585 15.36-10.24 15.36s-10.24-6.877-10.24-15.36c0-8.483 4.585-15.36 10.24-15.36s10.24 6.877 10.24 15.36z",
          "M482.568 981.644c5.644 0.355 9.788 7.506 9.255 15.972s-5.54 15.041-11.184 14.686c-5.644-0.355-9.788-7.506-9.255-15.972s5.54-15.041 11.184-14.686z",
          "M452.956 978.64c5.611 0.709 9.297 8.106 8.234 16.522s-6.473 14.664-12.084 13.956c-5.611-0.709-9.297-8.106-8.234-16.522s6.473-14.664 12.084-13.956z",
          "M423.969 974.154c5.555 1.060 8.77 8.674 7.18 17.007s-7.382 14.229-12.937 13.169c-5.555-1.060-8.77-8.674-7.18-17.007s7.382-14.229 12.937-13.169z",
          "M395.145 967.625c5.478 1.406 8.208 9.208 6.098 17.424s-8.261 13.738-13.738 12.331c-5.478-1.406-8.208-9.208-6.098-17.424s8.261-13.738 13.738-12.331z",
          "M366.636 959.181c5.379 1.748 7.614 9.705 4.993 17.773s-9.107 13.192-14.486 11.445c-5.379-1.748-7.614-9.705-4.993-17.773s9.107-13.192 14.486-11.445z",
          "M338.922 949.172c5.258 2.082 6.99 10.163 3.867 18.051s-9.917 12.594-15.175 10.512c-5.258-2.082-6.99-10.163-3.867-18.051s9.917-12.594 15.175-10.512z",
          "M311.556 937.571c5.117 2.408 6.337 10.582 2.725 18.258s-10.688 11.946-15.805 9.538c-5.117-2.408-6.337-10.582-2.725-18.258s10.688-11.946 15.805-9.538z",
          "M285.307 924.133c4.956 2.725 5.66 10.96 1.573 18.394s-11.418 11.251-16.374 8.526c-4.956-2.725-5.66-10.96-1.573-18.394s11.418-11.251 16.374-8.526z",
          "M260.064 908.987c4.775 3.030 4.961 11.293 0.416 18.455s-12.101 10.512-16.876 7.482c-4.775-3.030-4.961-11.293-0.416-18.455s12.101-10.512 16.876-7.482z",
          "M235.231 892.565c4.575 3.324 4.242 11.582-0.744 18.445s-12.738 9.731-17.313 6.407c-4.575-3.324-4.242-11.582 0.744-18.445s12.738-9.731 17.313-6.407z",
          "M212.113 874.537c4.357 3.605 3.507 11.826-1.901 18.362s-13.323 8.913-17.68 5.308c-4.357-3.605-3.507-11.826 1.901-18.362s13.323-8.913 17.68-5.308z",
          "M190.373 854.845c4.123 3.871 2.758 12.023-3.049 18.207s-13.856 8.059-17.979 4.188c-4.123-3.871-2.758-12.023 3.049-18.207s13.856-8.059 17.979-4.188z",
          "M169.175 833.684c3.871 4.123 1.996 12.172-4.188 17.979s-14.336 7.172-18.207 3.049c-3.871-4.123-1.996-12.172 4.188-17.979s14.336-7.172 18.207-3.049z",
          "M149.663 811.953c3.605 4.357 1.228 12.273-5.308 17.68s-14.757 6.258-18.362 1.901c-3.605-4.357-1.228-12.273 5.308-17.68s14.757-6.258 18.362-1.901z",
          "M131.818 788.48c3.324 4.575 0.456 12.326-6.407 17.313s-15.121 5.32-18.445 0.744c-3.324-4.575-0.456-12.326 6.407-17.313s15.121-5.32 18.445-0.744z",
          "M114.76 763.89c3.030 4.775-0.32 12.33-7.482 16.876s-15.425 4.359-18.455-0.416c-3.030-4.775 0.32-12.33 7.482-16.876s15.425-4.359 18.455 0.416z",
          "M100.008 738.509c2.725 4.956-1.093 12.287-8.526 16.374s-15.669 3.383-18.394-1.573c-2.725-4.956 1.093-12.287 8.526-16.374s15.669-3.383 18.394 1.573z",
          "M86.623 712.212c2.408 5.117-1.862 12.193-9.538 15.805s-15.85 2.392-18.258-2.725c-2.408-5.117 1.862-12.193 9.538-15.805s15.85-2.392 18.258 2.725z",
          "M74.645 685.062c2.082 5.258-2.625 12.053-10.512 15.175s-15.969 1.391-18.051-3.867c-2.082-5.258 2.625-12.053 10.512-15.175s15.969-1.391 18.051 3.867z",
          "M64.75 657.276c1.748 5.379-3.376 11.864-11.445 14.486s-16.026 0.386-17.773-4.993c-1.748-5.379 3.376-11.864 11.445-14.486s16.026-0.386 17.773 4.993z",
          "M56.372 629.047c1.406 5.478-4.114 11.629-12.331 13.738s-16.018-0.621-17.424-6.098c-1.406-5.478 4.114-11.629 12.331-13.738s16.018 0.621 17.424 6.098z",
          "M49.942 600.282c1.060 5.555-4.836 11.347-13.169 12.937s-15.947-1.625-17.007-7.18c-1.060-5.555 4.836-11.347 13.169-12.937s15.947 1.625 17.007 7.18z",
          "M45.434 570.988c0.709 5.611-5.54 11.021-13.956 12.084s-15.813-2.624-16.522-8.234c-0.709-5.611 5.54-11.021 13.956-12.084s15.813 2.624 16.522 8.234z",
          "M42.479 541.749c0.355 5.644-6.22 10.651-14.686 11.184s-15.617-3.611-15.972-9.255c-0.355-5.644 6.22-10.651 14.686-11.184s15.617 3.611 15.972 9.255z",
          "M41.472 512c0 5.655-6.877 10.24-15.36 10.24s-15.36-4.585-15.36-10.24c0-5.655 6.877-10.24 15.36-10.24s15.36 4.585 15.36 10.24z",
          "M512 1024c-280.064 0-507.904-229.888-507.904-512s227.84-512 507.904-512c280.064 0 507.904 229.888 507.904 512s-227.84 512-507.904 512zM512 33.28c-261.632 0-474.624 215.040-474.624 478.72s212.992 478.72 474.624 478.72c261.632 0 474.624-214.528 474.624-478.72s-212.992-478.72-474.624-478.72z",
